0.07344104893026171 0.30577654340464877
-0.6671361041630213 0.21484387904157468
0.6110255704162972 0.35501391366259544
-0.9845774527321076 0.20112862280820337
-0.8837433910334389 0.2082755715198671
-0.12854759010314276 0.3027415514693224
0.22099135724553243 0.3316209902246986
0.8534127709556332 0.38163625638979287
0.6242369517172701 0.3556166815262491
-0.9884481919394896 0.18689766580127848
-0.19720628238168114 0.26657175813563644
0.40892109591833226 0.3441350190637889
0.30833442465401917 0.33391826602343727
-0.7683662711499288 0.2484192484125181
0.5810093587501926 0.36320411308762074
-0.6130423180488918 0.22633849283964744
0.37080779728646673 0.3126308632491387
0.2689146356815888 0.33740516201145293
0.06920308546332121 0.3047139374541547
0.2582535575581715 0.3553355585400768
0.646076592630676 0.3695065507898268
0.06043786393526185 0.31084587768470995
-0.15156313196207938 0.2760793081065102
-0.930058893085125 0.21387698080707523
0.036524641335194064 0.30345621937957273
0.6304748305749586 0.3676698640539604
-0.07516740680855216 0.2941553031464959
-0.31744264827504054 0.27497961517334646
-0.530769649065824 0.25596054269450985
0.832539226011729 0.38363705013933963
-0.5377918900681617 0.24087606990797308
0.41861797886723906 0.34889992586169494
0.1623015779456236 0.3147683967398835
0.22209006549848076 0.32006745957964217
-0.5552588651204258 0.2587647658231737
0.4721245881055858 0.3463014535533262
0.7529675286636983 0.3840323818043389
0.7415627461497138 0.3732452555671697
0.8829149304286472 0.3804828578513638
0.8060363026316897 0.3821564893581173
0.07683324784802203 0.2835805437966362
-0.04241254210041734 0.29576905089163086
0.529685938257727 0.3395512139749959
0.0003760236074303869 0.3058898167419914
0.26242265067749715 0.31159207310504095
-0.3804550924918553 0.2655427548710176
0.9113962745189543 0.3928625661091734
0.1830214848198568 0.32933621351115755
0.6652377843088599 0.37993359383835845
0.2462102541127391 0.31216380570837565
-0.7655938018983295 0.21120322070459682
0.12891646349998864 0.32072340722783177
0.5975051754856993 0.358046175143507
0.6132702466298365 0.36853162758867714
-0.32857986166521114 0.29571146543597493
0.35673858245777246 0.35152327189372484
0.018313416895856305 0.2875541287948366
0.6374087769466188 0.3573532551994217
-0.5083941951560929 0.2447003301323157
-0.3798196676918688 0.25691939102461053
-0.7894805225544625 0.23140230758941666
-0.1207824273538356 0.29929625578730806
-0.9530285118985227 0.2075403750648572
-0.311370647581825 0.27641447459832724
-0.4912825554267988 0.259867778499509
0.8089974781758611 0.3744296044175936
-0.029339651848966808 0.30973104778627997
-0.3629689399567875 0.2713338385563311
-0.28085773893119925 0.2829996343601426
-0.3433383050664902 0.261235805827517
0.26819021337722804 0.31512381358502417
0.8379749185037964 0.3887617954552294
-0.9721217602104253 0.21795242356774774
0.380942166529068 0.339779869625644
-0.7028279008436107 0.2323194173868055
-0.2484023903325714 0.2823861947490793
-0.43535488718672366 0.24916216430359805
0.1930005450718788 0.3353753519312524
-0.12975251016629397 0.29723894398369094
0.9537897512414495 0.3968293471866555
-0.4674718628893888 0.2656561736924804
-0.7521595268287959 0.2278348103272739
-0.19006698759297302 0.27157786416830515
-0.19192104501312923 0.2914769099490614
0.19410225598679975 0.329892830646774
0.19166765679801756 0.3098383895290911
0.03917784229508059 0.30601206544169496
0.18153546167642953 0.33479577937825894
0.5739667972748239 0.34436754509312273
-0.16065727380382788 0.29868282753613895
0.8320151074446431 0.4081725110522518
0.006562278756251816 0.2927020475399281
-0.05950895933915401 0.3082183282688187
0.9833690684791196 0.40469345506706506
-0.23000484706137847 0.2710686912913266
0.8929405125595964 0.3897941565900382
0.37392170368698285 0.3176849445645886
0.6638252849338457 0.37162713059265773
0.0807277272988256 0.3253643285629878
0.18306645332943972 0.32224581911573247
